03:49:01 PM         0       337      1.47      0.73      0.27         0
03:50:01 PM         1       343      0.54      0.59      0.26         0
03:51:01 PM         0       343      0.36      0.53      0.26         0
03:52:01 PM         0       343      0.13      0.43      0.24         0
03:53:02 PM         1       339      0.05      0.35      0.22         0
03:54:01 PM         0       343      0.12      0.32      0.21         0
03:55:01 PM         1       341      0.04      0.26      0.20         0
03:56:01 PM         0       341      0.12      0.24      0.19         0
03:57:01 PM         0       341      0.04      0.19      0.18         0
03:58:01 PM         0       341      0.14      0.19      0.18         0
03:59:01 PM         1       343      0.05      0.15      0.16         0
04:00:01 PM         0       339      0.02      0.12      0.15         0
04:01:01 PM         5       343      0.08      0.11      0.15         0
04:02:01 PM         1       341      0.03      0.09      0.13         0
04:03:01 PM         0       341      0.10      0.11      0.14         0
04:04:01 PM         0       341      0.04      0.09      0.13         0
04:05:01 PM         0       341      0.01      0.07      0.12         0
04:06:01 PM         1       340      0.00      0.05      0.10         0
04:07:01 PM         1       341      0.07      0.07      0.10         0
04:08:01 PM         1       341      0.03      0.06      0.09         0
04:09:01 PM         0       347      0.07      0.06      0.09         0
04:10:01 PM         1       341      0.02      0.05      0.08         0
04:11:01 PM         1       342     l0.01      0.04      0.08         0
04:12:01 PM         0       342     12.03      0.04      0.08         0
04:13:01 PM         1       343     15.50      0.18      0.12         0
04:14:01 PM         0       343     10.18      0.15      0.11         0
04:15:01 PM         0       343     12.07      0.12      0.10         0
04:16:01 PM         0       343     12.02      0.09      0.09         0
04:17:01 PM         0       342     12.20      0.12      0.10         0
04:18:01 PM         1       342     12.12      0.11      0.09         0
04:19:01 PM         1       345     12.04      0.09      0.09         0
04:20:01 PM         1       342      0.01      0.07      0.08         0
04:21:01 PM         0       346      0.15      0.09      0.09         0
04:22:01 PM         0       342      0.12      0.10      0.09         0
04:23:01 PM         0       342      0.04      0.08      0.08         0
04:24:02 PM         1       343      0.08      0.08      0.08         0
04:25:01 PM         1       341      0.26      0.14      0.10         0
04:26:01 PM         1       341      0.23      0.14      0.10         0
04:27:01 PM         3       350      0.08      0.11      0.09         0
04:28:01 PM         1       347      0.06      0.10      0.09         0
04:29:01 PM         0       349      0.02      0.08      0.08         0
04:30:01 PM         0       346      0.05      0.08      0.08         0
04:31:01 PM         1       346      0.07      0.08      0.08         0
04:32:01 PM         1       346      0.08      0.08      0.08         0
04:33:01 PM         0       343      0.03      0.06      0.08         0
04:34:01 PM         0       347      0.08      0.08      0.08         0
04:35:01 PM         1       344      0.14      0.09      0.09         0
04:36:01 PM         2       346      0.13      0.09      0.09         0
04:37:01 PM         0       347      0.23      0.12      0.10         0
04:38:01 PM         1       345      0.08      0.10      0.09         0
04:39:01 PM         1       349      0.07      0.09      0.09         0
04:40:01 PM         0       345      0.02      0.07      0.08         0
04:41:01 PM         0       346      0.01      0.06      0.08         0
04:42:01 PM         0       346      0.13      0.08      0.08         0
04:43:01 PM         0       346      0.09      0.08      0.08         0
04:44:01 PM         1       345      0.03      0.06      0.08         0
04:45:01 PM         1       344      0.01      0.05      0.07         0
04:46:01 PM         1       349      0.05      0.05      0.07         0
04:47:01 PM         0       345      0.02      0.04      0.06         0
04:48:01 PM         0       344      0.14      0.08      0.07         0
04:49:01 PM         0       345      0.05      0.06      0.07         0
04:50:01 PM         0       343      0.10      0.06      0.07         0
04:51:01 PM         3       344      0.11      0.07      0.07         0
04:52:01 PM         1       344      0.11      0.07      0.07         0
04:53:01 PM         5       347      0.25      0.12      0.09         0
04:54:01 PM         0       342      0.12      0.11      0.09         0
06:17:01 PM         0       335      1.71      0.66      0.24         0
06:18:01 PM         0       346      0.70      0.57      0.23         0
06:19:01 PM         0       346      0.29      0.48      0.22         0
06:20:02 PM         1       346      0.30      0.44      0.22         0
06:21:01 PM         0       346      0.11      0.35      0.20         0
06:22:01 PM         1       343      0.04      0.29      0.19         0
06:23:01 PM         0       343      0.01      0.23      0.17         0
06:24:01 PM         0       344      0.00      0.19      0.16         0
06:25:01 PM         1       344      0.03      0.17      0.16         0
06:26:01 PM         1       344      0.11      0.16      0.16         0
06:27:01 PM         0       344      0.11      0.16      0.16         0
06:28:01 PM         0       344      0.17      0.17      0.16         0
06:29:01 PM         0       342      0.06      0.14      0.15         0
06:30:01 PM         0       347      0.02      0.11      0.14         0
06:31:01 PM         1       349      0.11      0.12      0.14         0
06:32:01 PM         0       348      0.08      0.11      0.13         0
06:33:01 PM         0       347      0.06      0.10      0.13         0
06:34:01 PM         1       346      0.02      0.08      0.11         0
06:35:01 PM         1       347      0.01      0.06      0.10         0
06:36:01 PM         0       347      0.05      0.06      0.10         0
06:37:01 PM         0       349      0.38      0.16      0.12         0
06:38:01 PM         1       345      0.24      0.17      0.13         0
06:39:01 PM         1       345      0.33      0.18      0.13         0
06:40:01 PM         0       346      0.20      0.18      0.13         0
06:41:01 PM         1       345      0.12      0.16      0.13         0
06:42:01 PM         1       348      0.04      0.13      0.12         0
06:43:01 PM         2       346      0.01      0.10      0.10         0
06:44:01 PM         1       346      0.00      0.08      0.09         0
06:45:01 PM         1       347      0.00      0.06      0.09         0
06:46:01 PM         0       347      0.18      0.11      0.10         0
06:47:01 PM         1       348      0.07      0.09      0.09         0
06:48:01 PM         0       347      0.02      0.07      0.08         0
06:49:01 PM         0       348      0.01      0.05      0.08         0
06:50:01 PM         0       347      0.13      0.09      0.09         0
06:51:01 PM         0       347      0.09      0.08      0.09         0
06:52:01 PM         0       347      0.03      0.07      0.08         0
06:53:01 PM         1       346      0.12      0.08      0.09         0
06:54:01 PM         0       346      0.21      0.11      0.10         0
06:55:01 PM         1       346      0.30      0.14      0.10         0
06:56:01 PM         0       347      0.11      0.11      0.09         0
06:57:01 PM         0       347      0.10      0.10      0.09         0
06:58:01 PM         1       345      0.03      0.08      0.08         0
06:59:01 PM         1       345      0.07      0.08      0.08         0
07:00:01 PM         0       346      0.02      0.06      0.08         0
07:01:01 PM         1       348      0.10      0.08      0.08         0
07:02:02 PM         0       346      0.13      0.09      0.09         0
07:03:01 PM         1       346      0.05      0.08      0.08         0
07:04:01 PM         0       346      0.02      0.06      0.08         0
07:05:01 PM         0       345      0.00      0.05      0.07         0
07:06:01 PM         0       345      0.00      0.04      0.07         0
07:07:01 PM         1       348      0.00      0.03      0.06         0
07:08:01 PM         1       346      0.07      0.04      0.06         0
07:09:01 PM         0       346      0.02      0.03      0.05         0
07:10:01 PM         0       346      0.08      0.05      0.06         0
07:11:01 PM         0       346      0.11      0.06      0.06         0
07:12:01 PM         1       346      0.10      0.06      0.06         0
07:13:01 PM         0       346      0.04      0.05      0.05         0
07:14:01 PM         0       346      0.01      0.04      0.05         0
07:15:01 PM         0       346      0.21      0.07      0.06         0
07:16:01 PM         0       346      0.35      0.14      0.08         0
07:17:01 PM         0       349      0.26      0.14      0.09         0
07:18:01 PM         1       345      0.09      0.11      0.08         0
07:19:01 PM         1       345      0.03      0.09      0.07         0
07:20:01 PM         0       346      0.09      0.09      0.07         0
07:21:01 PM         1       346      0.03      0.07      0.07         0
07:22:01 PM         0       346      0.08      0.08      0.07         0
07:23:01 PM         0       346      0.06      0.08      0.07         0
07:24:01 PM         0       346      0.05      0.08      0.07         0
07:25:01 PM         0       345      0.02      0.06      0.07         0
07:26:01 PM         2       347      0.30      0.13      0.09         0
07:27:01 PM         0       346      0.42      0.23      0.13         0
07:28:01 PM         1       346      0.15      0.18      0.12         0
07:29:01 PM         0       346      0.06      0.15      0.10         0
07:30:01 PM         0       346      0.02      0.12      0.09         0
07:31:01 PM         1       345      0.07      0.11      0.09         0
07:32:02 PM         0       349      0.02      0.09      0.08         0
07:33:01 PM         0       346      0.06      0.09      0.08         0
07:34:01 PM         0       346      0.02      0.07      0.08         0
07:35:01 PM         1       346      0.01      0.05      0.07         0
07:36:01 PM         0       346      0.00      0.04      0.07         0
07:37:01 PM         0       348      0.08      0.05      0.07         0
07:38:01 PM         1       346      0.03      0.04      0.06         0
07:39:01 PM         1       346      0.01      0.03      0.06         0
07:40:01 PM         1       346      0.04      0.03      0.06         0
07:41:01 PM         1       346      0.01      0.02      0.05         0
07:42:01 PM         0       347      0.00      0.02      0.04         0
07:43:01 PM         0       346      0.00      0.01      0.04         0
07:44:01 PM         0       346      0.23      0.08      0.06         0
07:45:01 PM         1       346      0.15      0.08      0.06         0
07:46:01 PM         1       347      0.17      0.10      0.07         0
07:47:01 PM         1       346      0.06      0.08      0.06         0
07:48:01 PM         2       346      0.24      0.11      0.07         0
07:49:01 PM         1       346      0.09      0.09      0.06         0
07:50:01 PM         0       346      0.03      0.07      0.06         0
07:51:01 PM         0       345      0.01      0.05      0.05         0
07:52:01 PM         1       349      0.00      0.04      0.05         0
07:53:01 PM         0       346      0.00      0.03      0.04         0
07:54:01 PM         0       346      0.08      0.04      0.04         0
07:55:01 PM         0       345      0.08      0.05      0.04         0
07:56:01 PM         1       346      0.03      0.03      0.04         0
07:57:01 PM         0       345      0.01      0.03      0.03         0
07:58:01 PM         0       345      0.00      0.02      0.02         0
07:59:01 PM         0       346      0.29      0.08      0.04         0
08:00:01 PM         0       346      0.11      0.06      0.03         0
08:01:01 PM         1       349      0.04      0.05      0.03         0
08:02:01 PM         0       347      0.01      0.04      0.02         0
08:03:02 PM         0       347      0.21      0.09      0.04         0
08:04:01 PM         1       346      0.08      0.07      0.03         0
08:05:01 PM         1       347      0.03      0.05      0.03         0
08:06:01 PM         0       347      0.01      0.04      0.02         0
08:07:01 PM         1       346      0.00      0.03      0.02         0
08:08:01 PM         0       346      0.22      0.07      0.03         0
08:09:01 PM         0       346      0.08      0.06      0.02         0
08:10:01 PM         0       345      0.06      0.06      0.02         0
08:11:01 PM         0       346      0.09      0.06      0.02         0
08:12:01 PM         1       349      0.03      0.05      0.01         0
08:13:01 PM         1       346      0.01      0.04      0.01         0
08:14:01 PM         1       346      0.21      0.09      0.03         0
08:15:01 PM         3       346      0.07      0.07      0.02         0
08:16:01 PM         0       345      0.11      0.08      0.03         0
08:17:01 PM         0       346      0.29      0.17      0.06         0
08:18:01 PM         0       346      0.10      0.13      0.05         0
08:19:01 PM         0       346      0.04      0.11      0.05         0
08:20:01 PM         1       346      0.05      0.10      0.05         0
08:21:01 PM         0       346      0.02      0.08      0.04         0
08:22:01 PM         0       348      0.00      0.06      0.03         0
08:23:01 PM         0       346      0.00      0.05      0.03         0
08:24:01 PM         0       347      0.00      0.04      0.02         0
08:25:01 PM         0       347      0.00      0.03      0.02         0
08:26:01 PM         1       347      0.00      0.02      0.01         0
08:27:01 PM         0       350      0.00      0.02      0.01         0
08:28:01 PM         0       346      0.09      0.04      0.01         0
08:29:01 PM         0       345      0.03      0.03      0.01         0
08:30:01 PM         2       349      0.01      0.02      0.00         0
08:31:01 PM         1       347      0.31      0.09      0.02         0
